===============CAMERA MATRIX===============
[[893.58092634   0.         607.95106638]
 [  0.         895.51905483 346.55400129]
 [  0.           0.           1.        ]]
===============DISTANCE COEFFICIENTS===============
[[ 0.06995269 -0.16550613 -0.00405306 -0.00227054  0.05530433]]
===============ROTATION VECTORS===============
[[[-3.97064854e-01]
  [ 3.20716732e-01]
  [ 4.22336332e-02]]

 [[-1.77314983e-01]
  [ 1.81803865e-01]
  [ 3.03630011e+00]]

 [[-2.38968949e-01]
  [ 2.86810522e-04]
  [ 2.94913794e+00]]

 [[ 2.99490904e-02]
  [ 3.33692077e-01]
  [ 2.96215819e-02]]

 [[ 5.07500076e-03]
  [ 2.10543187e-01]
  [ 9.16601989e-02]]

 [[-3.90888086e-01]
  [-1.06832621e-01]
  [-3.09480386e+00]]

 [[-7.09733334e-02]
  [ 1.33714921e-01]
  [-7.77438198e-02]]

 [[ 2.53963262e-01]
  [ 7.11266938e-02]
  [ 3.08965991e+00]]

 [[-3.13296437e-02]
  [ 2.18816672e-01]
  [ 4.01160956e-02]]

 [[-3.86239112e-01]
  [-2.59401975e-01]
  [-3.02021440e+00]]

 [[ 1.27802478e-01]
  [-2.82919574e-02]
  [-3.05393508e+00]]

 [[ 1.82669744e-02]
  [-7.94647850e-02]
  [ 1.08731895e-01]]

 [[ 1.63688229e-02]
  [ 7.17863874e-02]
  [ 1.65502983e-02]]

 [[-4.65298753e-02]
  [ 6.26204223e-02]
  [ 3.10487953e+00]]

 [[-7.00859703e-02]
  [-1.06889581e-01]
  [-6.71995621e-02]]

 [[-1.50591936e-01]
  [-8.97872955e-02]
  [-5.17569604e-03]]

 [[-1.39698695e-01]
  [-1.23230167e-01]
  [ 3.08276054e+00]]

 [[-8.30245580e-03]
  [-1.36220652e-01]
  [-7.08962014e-03]]

 [[ 2.43054519e-01]
  [ 1.21072497e-01]
  [ 7.74587135e-02]]

 [[-1.75668120e-01]
  [-3.05954276e-01]
  [-3.11434797e+00]]

 [[ 4.93885146e-01]
  [ 3.20393660e-01]
  [ 3.08678456e+00]]

 [[-5.12653237e-01]
  [-2.98132506e-03]
  [ 2.96542730e+00]]

 [[ 2.01198101e-02]
  [-1.54643321e-01]
  [-4.28241592e-02]]

 [[-1.89817734e-01]
  [ 3.17120179e-01]
  [ 4.93894202e-02]]

 [[-1.02331467e-01]
  [ 2.03920776e-01]
  [ 5.20030070e-02]]]
===============TRANSLATION VECTORS===============
[[[ 1.39220372]
  [ 1.05064107]
  [22.31664012]]

 [[-2.01875612]
  [ 4.05440981]
  [26.16122501]]

 [[ 0.96226055]
  [ 4.26168368]
  [26.4306965 ]]

 [[-0.60601263]
  [-0.10459587]
  [22.61978491]]

 [[ 7.38522041]
  [-0.78863558]
  [21.69302096]]

 [[11.8355826 ]
  [ 2.50694978]
  [20.10436875]]

 [[ 1.14746591]
  [-3.53134583]
  [22.67100597]]

 [[-1.46562849]
  [ 1.43915122]
  [25.04385786]]

 [[-3.54012647]
  [-3.91626477]
  [24.50714297]]

 [[ 2.8331166 ]
  [ 5.75887713]
  [21.13465405]]

 [[-3.72693779]
  [ 4.67889203]
  [15.71970243]]

 [[-4.43926268]
  [-1.87235667]
  [16.1173494 ]]

 [[-0.38760202]
  [-1.64760968]
  [16.21269638]]

 [[ 6.17778722]
  [ 3.88604669]
  [15.74126583]]

 [[ 4.30996601]
  [-1.81304125]
  [15.07402647]]

 [[ 4.90017383]
  [-3.61281427]
  [14.97642936]]

 [[ 3.35205474]
  [ 2.29116899]
  [15.77115312]]

 [[-3.46612209]
  [-3.38340167]
  [15.40213284]]

 [[-1.55105609]
  [-1.67096978]
  [21.33162114]]

 [[ 4.31084773]
  [ 2.27388757]
  [19.54744267]]

 [[ 7.15928254]
  [ 1.50855583]
  [16.05083023]]

 [[ 0.74912766]
  [ 4.80038402]
  [24.81037492]]

 [[-0.45568034]
  [ 1.22396674]
  [21.86081678]]

 [[ 3.09878621]
  [ 0.58317711]
  [21.69385383]]

 [[ 6.12578827]
  [-1.25414569]
  [17.0130878 ]]]
